Corrosion offline renderer scaffold
sample_rate=48000
frame_count=48000
peak=0.770462871
rms=0.334093779
checksum=10505856658297768697
first_samples=[0.060100000, 0.119658485, 0.178145528, 0.235050112, 0.289888978, 0.342215031, 0.391624689, 0.437764287, 0.480335653, 0.519099951, 0.553880990, 0.584566116, 0.611106932, 0.633517504, 0.651872158, 0.666301847]
