family=pipe
wav_path=output/family-comparisons/pipe_comparison.wav
summary_path=output/family-comparisons/pipe_comparison_summary.txt
Corrosion offline renderer scaffold
sample_rate=48000
frame_count=48000
peak=0.702808201
rms=0.304226786
checksum=6246922928677794029
first_samples=[0.010600001, 0.021133272, 0.031535666, 0.041747481, 0.051715545, 0.061395131, 0.070751682, 0.079762250, 0.088416688, 0.096718505, 0.104685374, 0.112349287, 0.119756281, 0.126965955, 0.134050429, 0.141093075]
