family=plate
wav_path=output/family-comparisons/plate_comparison.wav
summary_path=output/family-comparisons/plate_comparison_summary.txt
Corrosion offline renderer scaffold
sample_rate=48000
frame_count=48000
peak=0.353015482
rms=0.088278480
checksum=7714993276336816179
first_samples=[0.002600003, 0.005487000, 0.008914176, 0.013071079, 0.018060047, 0.023881469, 0.030429564, 0.037499297, 0.044803910, 0.052001666, 0.058729503, 0.064640395, 0.069441147, 0.072926857, 0.075008884, 0.075733535]
