family=tank
wav_path=output/family-comparisons/tank_comparison.wav
summary_path=output/family-comparisons/tank_comparison_summary.txt
Corrosion offline renderer scaffold
sample_rate=48000
frame_count=48000
peak=2.794249296
rms=1.259935141
checksum=3420264873218176746
first_samples=[0.013000004, 0.026034558, 0.039137729, 0.052342631, 0.065680906, 0.079182334, 0.092874303, 0.106781490, 0.120925426, 0.135324225, 0.149992257, 0.164939851, 0.180173188, 0.195694014, 0.211499691, 0.227583081]
